,date,count,cums
0,2022-09-14,804,804
1,2022-09-15,27224,28028
2,2022-09-16,120196,148224
3,2022-09-17,462646,610870
4,2022-09-18,580623,1191493
5,2022-09-19,894107,2085600
6,2022-09-20,1755400,3841000
7,2022-09-21,3204570,7045570
8,2022-09-22,4183474,11229044
9,2022-09-23,5800176,17029220
10,2022-09-24,4828406,21857626
11,2022-09-25,3432150,25289776
12,2022-09-26,2721647,28011423
13,2022-09-27,3431039,31442462
14,2022-09-28,3166488,34608950
15,2022-09-29,2392369,37001319
