,date,count,cums
0,2022-09-14,808,808
1,2022-09-15,27244,28052
2,2022-09-16,120102,148154
3,2022-09-17,462492,610646
4,2022-09-18,581307,1191953
5,2022-09-19,894534,2086487
6,2022-09-20,1756287,3842774
7,2022-09-21,3205215,7047989
8,2022-09-22,4185845,11233834
9,2022-09-23,5804056,17037890
10,2022-09-24,4832611,21870501
11,2022-09-25,3436079,25306580
12,2022-09-26,2725666,28032246
13,2022-09-27,3439863,31472109
14,2022-09-28,3179587,34651696
15,2022-09-29,378939,35030635
