,date,count,cums
0,2022-09-14,807,807
1,2022-09-15,27231,28038
2,2022-09-16,120216,148254
3,2022-09-17,463090,611344
4,2022-09-18,581360,1192704
5,2022-09-19,894478,2087182
6,2022-09-20,1755361,3842543
7,2022-09-21,3203052,7045595
8,2022-09-22,4185287,11230882
9,2022-09-23,5803640,17034522
10,2022-09-24,4831441,21865963
11,2022-09-25,3434820,25300783
12,2022-09-26,2724157,28024940
13,2022-09-27,3435949,31460889
14,2022-09-28,3172948,34633837
15,2022-09-29,1262023,35895860
