,date,count,cums
0,2022-09-14,805,805
1,2022-09-15,27216,28021
2,2022-09-16,120155,148176
3,2022-09-17,462609,610785
4,2022-09-18,581142,1191927
5,2022-09-19,894237,2086164
6,2022-09-20,1755454,3841618
7,2022-09-21,3204683,7046301
8,2022-09-22,4183429,11229730
9,2022-09-23,5800073,17029803
10,2022-09-24,4828300,21858103
11,2022-09-25,3432143,25290246
12,2022-09-26,2721611,28011857
13,2022-09-27,3431017,31442874
14,2022-09-28,3166406,34609280
15,2022-09-29,2405324,37014604
