,date,count,cums
0,2022-09-14,806,806
1,2022-09-15,27238,28044
2,2022-09-16,120188,148232
3,2022-09-17,462640,610872
4,2022-09-18,580498,1191370
5,2022-09-19,893844,2085214
6,2022-09-20,1754200,3839414
7,2022-09-21,3202796,7042210
8,2022-09-22,4184443,11226653
9,2022-09-23,5802440,17029093
10,2022-09-24,4830344,21859437
11,2022-09-25,3434433,25293870
12,2022-09-26,2724295,28018165
13,2022-09-27,3434847,31453012
14,2022-09-28,3170578,34623590
15,2022-09-29,1672447,36296037
