,date,count,cums
0,2022-09-14,807,807
1,2022-09-15,27233,28040
2,2022-09-16,120218,148258
3,2022-09-17,462563,610821
4,2022-09-18,581300,1192121
5,2022-09-19,894361,2086482
6,2022-09-20,1755085,3841567
7,2022-09-21,3203631,7045198
8,2022-09-22,4185790,11230988
9,2022-09-23,5804124,17035112
10,2022-09-24,4832187,21867299
11,2022-09-25,3435067,25302366
12,2022-09-26,2724653,28027019
13,2022-09-27,3436056,31463075
14,2022-09-28,3173348,34636423
15,2022-09-29,1153380,35789803
